lastAccountName: SeaBear0628
timestamps:
  login: 1536181114920
  lastteleport: 1535958928210
  logout: 1535959061819
ipAddress: 107.219.126.57
lastlocation:
  world: world
  x: 156.36767993500155
  y: 76.5462771975897
  z: 552.2201997113422
  yaw: 39.292183
  pitch: 4.4999185
geolocation: United States
logoutlocation:
  world: world
  x: 173.73205851161012
  y: 108.0
  z: 467.2269327232959
  yaw: -190.8074
  pitch: 3.2998834
