geolocation: United States
lastAccountName: panhead96
timestamps:
  login: 1536015818340
  logout: 1536016370518
ipAddress: 98.30.129.224
lastlocation:
  world: world2
  x: -72.34811772232642
  y: 88.1212968405392
  z: 248.46216272729853
  yaw: 75.718346
  pitch: 31.723986
logoutlocation:
  world: world2
  x: -19.7189015277796
  y: 91.0
  z: 336.3223118727498
  yaw: -155.43176
  pitch: 12.220461
