geolocation: Canada
lastAccountName: TronDJ13
timestamps:
  login: 1535986478676
  logout: 1535986766688
ipAddress: 74.12.44.151
lastlocation:
  world: world
  x: -63.5
  y: 37.0
  z: 658.5
  yaw: 0.0
  pitch: 0.0
logoutlocation:
  world: world
  x: 138.53496561948532
  y: 78.0
  z: 555.4627289953436
  yaw: -165.6003
  pitch: 1.349999
