lastAccountName: JcRambo
timestamps:
  login: 1535967168332
  logout: 1535967257062
ipAddress: 76.92.181.206
lastlocation:
  world: world
  x: -63.5
  y: 37.0
  z: 658.5
  yaw: 0.0
  pitch: 0.0
geolocation: United States
logoutlocation:
  world: world
  x: 24.703668853488868
  y: 84.24918707874468
  z: 697.3033112110232
  yaw: -182.1001
  pitch: 23.700008
