lastAccountName: 1FartPerSecond
timestamps:
  login: 1536015922839
  logout: 1536016058096
  lastteleport: 1536016001467
ipAddress: 76.71.30.206
lastlocation:
  world: world2
  x: -108.29442389331552
  y: 67.0
  z: -307.39694497003785
  yaw: -132.965
  pitch: -29.053211
afk: false
logoutlocation:
  world: world2
  x: -112.0
  y: 65.0
  z: -311.0
  yaw: 15.133567
  pitch: 7.607251
nickname: §cLiam
